4.42964
2
99
4.80663
2
99
5.19933
2
99
5.59203
2
99
5.98473
2
99
6.39313
2
99
6.78583
2
99
7.16282
2
99
7.55552
2
99
1.66504
1
99
4.42964
3
99
4.80663
3
99
5.19933
3
99
5.59203
3
99
5.98473
3
99
6.39313
3
99
6.78583
3
99
7.16282
3
99
7.55552
3
99
1.66504
2
99
4.42964
4
99
4.80663
4
99
5.19933
4
99
5.59203
4
99
5.98473
4
99
6.39313
4
99
6.78583
4
99
7.16282
4
99
7.55552
4
99
1.66504
3
99
4.42964
5
99
4.80663
5
99
5.19933
5
66
5.59203
5
99
5.98473
5
66
6.39313
5
99
6.78583
5
33
7.16282
5
99
7.55552
5
66
1.66504
4
99
4.42964
6
99
4.80663
6
99
5.19933
6
99
5.59203
6
33
1.66504
5
66
1.66504
5
66
