7.55552
2
99
1.64933
1
99
2.04203
1
99
2.43473
1
99
2.82743
1
99
3.22013
1
99
3.61283
1
99
4.00553
1
99
4.39823
1
99
4.79092
1
99
7.55552
3
99
1.64933
2
99
2.04203
2
99
2.43473
2
99
2.82743
2
99
3.22013
2
99
3.61283
2
99
4.00553
2
99
4.39823
2
99
4.79092
2
99
7.55552
4
99
1.64933
3
99
2.04203
3
99
2.43473
3
99
2.82743
3
99
3.22013
3
99
3.61283
3
99
4.00553
3
99
4.39823
3
99
4.79092
3
99
7.55552
5
99
1.64933
4
99
2.04203
4
99
2.43473
4
99
2.82743
4
99
3.22013
4
99
3.61283
4
99
4.00553
4
99
4.39823
4
99
4.79092
4
99
7.55552
6
99
1.64933
5
99
2.04203
5
99
2.43473
5
99
2.82743
5
99
3.22013
5
99
3.61283
5
99
4.00553
5
99
4.39823
5
99
4.79092
5
99
